1993.012363 -3.870277e-03 
1993.039511 -5.111764e-03 
1993.066659 -6.031822e-03 
1993.093806 -5.739723e-03 
1993.120954 -3.503575e-03 
1993.148101 -3.399681e-04 
1993.175249 1.486048e-03 
1993.202396 1.060525e-03 
1993.229464 -4.154679e-04 
1993.256957 -9.754503e-04 
1993.283839 1.419792e-04 
1993.310987 1.904208e-03 
1993.338134 2.702670e-03 
1993.365282 2.077378e-03 
1993.392429 1.034991e-03 
1993.419577 7.609410e-04 
1993.446724 1.470025e-03 
1993.473872 2.570395e-03 
1993.501019 3.249881e-03 
1993.528167 2.977988e-03 
1993.555284 1.973826e-03 
1993.582381 1.051508e-03 
1993.609609 7.617864e-04 
1993.636757 7.841404e-04 
1993.663905 3.976935e-04 
1993.691052 -3.863355e-04 
1993.718200 -7.329574e-04 
1993.745347 -1.524326e-04 
1993.772495 7.276685e-04 
1993.799642 8.515358e-04 
1993.826756 -1.313441e-04 
1993.854046 -1.527450e-03 
1993.881085 -2.150473e-03 
1993.908233 -1.271009e-03 
1993.935380 6.950155e-04 
1993.962528 2.510218e-03 
1993.989675 3.173487e-03 
1994.016823 2.688683e-03 
1994.043970 1.750281e-03 
1994.071023 8.996488e-04 
1994.098212 3.264635e-04 
1994.125413 1.415369e-04 
1994.152560 5.128609e-04 
1994.179708 1.384304e-03 
1994.206825 2.488817e-03 
1994.234003 3.608165e-03 
1994.261151 4.449507e-03 
1994.288298 4.506800e-03 
1994.315446 3.445485e-03 
1994.342593 1.729871e-03 
1994.369687 4.986320e-04 
1994.396888 4.022947e-04 
1994.424036 9.717791e-04 
1994.451183 1.256602e-03 
1994.478302 8.439012e-04 
1994.505479 1.776474e-04 
1994.532626 -1.076079e-04 
1994.559774 7.606862e-05 
1994.586921 2.486303e-04 
1994.614069 6.828467e-05 
1994.641216 -2.991811e-04 
1994.668364 -5.619213e-04 
1994.695511 -6.506208e-04 
1994.722659 -6.407330e-04 
1994.749679 -4.057756e-04 
1994.776954 5.495160e-04 
1994.804102 2.140509e-03 
1994.831249 3.121271e-03 
1994.858366 2.319986e-03 
1994.885544 2.788432e-04 
1994.912692 -1.123711e-03 
1994.939839 -7.355970e-04 
1994.966987 7.490944e-04 
1994.994134 2.012239e-03 
1995.021282 2.612265e-03 
1995.048430 2.885984e-03 
1995.075577 2.878506e-03 
1995.102725 2.640855e-03 
1995.129872 2.829336e-03 
1995.157018 3.875104e-03 
1995.184139 5.173757e-03 
1995.211315 5.710692e-03 
1995.238462 5.256190e-03 
1995.265610 4.484532e-03 
1995.292757 3.955333e-03 
1995.319903 3.614478e-03 
1995.347006 3.428323e-03 
1995.374200 3.565255e-03 
1995.401454 3.962757e-03 
1995.428495 4.368629e-03 
1995.455643 4.588945e-03 
1995.482790 4.483443e-03 
1995.509886 3.870205e-03 
1995.537085 2.765350e-03 
1995.564233 1.591310e-03 
1995.591381 8.567808e-04 
1995.618528 8.185674e-04 
1995.645676 1.522887e-03 
1995.672823 2.819968e-03 
1995.699971 4.327795e-03 
1995.727118 5.325115e-03 
1995.754266 5.273368e-03 
1995.781412 4.377843e-03 
1995.808515 3.423522e-03 
1995.835708 3.062117e-03 
1995.862856 3.425534e-03 
1995.888705 4.236726e-03 
1995.944299 5.484516e-03 
1995.971416 4.862149e-03 
1995.998762 3.554591e-03 
1996.025614 2.368467e-03 
1996.052889 2.341485e-03 
1996.080036 3.757290e-03 
1996.107184 5.653742e-03 
1996.134283 6.615520e-03 
1996.161479 6.265546e-03 
1996.188627 5.466122e-03 
1996.215774 5.196759e-03 
1996.242922 5.640127e-03 
1996.270069 6.360031e-03 
1996.297217 7.008670e-03 
1996.324364 7.650872e-03 
1996.351512 8.302390e-03 
1996.378659 8.636756e-03 
1996.405807 8.474896e-03 
1996.432954 8.051753e-03 
1996.460054 7.805483e-03 
1996.487250 8.017171e-03 
1996.514397 8.570891e-03 
1996.541545 9.013120e-03 
1996.568692 8.847456e-03 
1996.595840 7.908052e-03 
1996.622987 6.574724e-03 
1996.650135 5.613549e-03 
1996.677282 5.638857e-03 
1996.704001 6.477501e-03 
1996.732229 7.465719e-03 
1996.758724 8.635140e-03 
1996.785825 1.012631e-02 
1996.813020 1.162600e-02 
1996.840168 1.215591e-02 
1996.867315 1.109430e-02 
1996.894463 8.958245e-03 
1996.921610 6.980195e-03 
1996.948758 6.035907e-03 
1996.975905 6.077921e-03 
1997.003053 6.564835e-03 
1997.030201 6.821806e-03 
1997.057348 6.480676e-03 
1997.084496 5.869460e-03 
1997.111595 5.729472e-03 
1997.138791 6.422047e-03 
1997.165938 7.566428e-03 
1997.193086 8.531804e-03 
1997.220233 8.938227e-03 
1997.247381 8.803272e-03 
1997.274529 8.534394e-03 
1997.301676 8.595507e-03 
1997.328824 9.251024e-03 
1997.355971 1.031617e-02 
1997.383119 1.122024e-02 
1997.410266 1.160050e-02 
1997.437383 1.166534e-02 
1997.464562 1.195042e-02 
1997.491709 1.267170e-02 
1997.518857 1.345001e-02 
1997.546004 1.373226e-02 
1997.573151 1.341001e-02 
1997.600269 1.310100e-02 
1997.627447 1.354373e-02 
1997.654594 1.481304e-02 
1997.681742 1.635756e-02 
1997.708889 1.743566e-02 
1997.736037 1.768192e-02 
1997.763155 1.730727e-02 
1997.790332 1.670811e-02 
1997.817480 1.603874e-02 
1997.844627 1.509305e-02 
1997.871775 1.370700e-02 
1997.898922 1.224371e-02 
1997.926070 1.141669e-02 
1997.953217 1.160808e-02 
1997.980365 1.236354e-02 
1998.007512 1.293036e-02 
1998.034660 1.308078e-02 
1998.061759 1.322115e-02 
1998.088955 1.382567e-02 
1998.116103 1.486004e-02 
1998.143250 1.582403e-02 
1998.170398 1.628082e-02 
1998.197545 1.625190e-02 
1998.224693 1.619271e-02 
1998.251840 1.653187e-02 
1998.278988 1.727499e-02 
1998.306136 1.791043e-02 
1998.333283 1.777054e-02 
1998.360431 1.669009e-02 
1998.387522 1.528139e-02 
1998.414726 1.449839e-02 
1998.441873 1.474075e-02 
1998.469021 1.546924e-02 
1998.496168 1.583226e-02 
1998.523316 1.547795e-02 
1998.550463 1.467599e-02 
1998.576786 1.402995e-02 
1998.604759 1.377312e-02 
1998.631906 1.393627e-02 
1998.659054 1.415388e-02 
1998.686201 1.407999e-02 
1998.713349 1.354583e-02 
1998.740496 1.292596e-02 
1998.767644 1.296546e-02 
1998.794744 1.389876e-02 
1998.822018 1.493216e-02 
1998.849086 1.518284e-02 
1998.876234 1.470861e-02 
1998.903221 1.438721e-02 
1998.930529 1.488693e-02 
1998.957677 1.587048e-02 
1998.984824 1.639385e-02 
1999.011972 1.603649e-02 
1999.039119 1.518900e-02 
1999.066221 1.459339e-02 
1999.093414 1.466689e-02 
1999.124196 1.533979e-02 
1999.147710 1.590480e-02 
1999.174857 1.624715e-02 
1999.202005 1.640766e-02 
1999.229152 1.691161e-02 
1999.256300 1.792111e-02 
1999.283447 1.882757e-02 
1999.310564 1.872377e-02 
1999.337742 1.746715e-02 
1999.364890 1.581948e-02 
1999.392037 1.466617e-02 
1999.419185 1.435328e-02 
1999.446387 1.463466e-02 
1999.473480 1.519994e-02 
1999.500628 1.597848e-02 
1999.527775 1.677925e-02 
1999.554923 1.730619e-02 
1999.582070 1.734503e-02 
1999.609218 1.688309e-02 
1999.636363 1.603950e-02 
1999.663465 1.517361e-02 
1999.690661 1.498326e-02 
1999.717808 1.600556e-02 
1999.744956 1.788290e-02 
1999.772103 1.937077e-02 
1999.799251 1.930551e-02 
1999.826398 1.788283e-02 
1999.853546 1.667975e-02 
1999.880693 1.719509e-02 
1999.907841 1.939777e-02 
1999.934932 2.167601e-02 
1999.962136 2.257962e-02 
1999.989283 2.219067e-02 
2000.016377 2.160709e-02 
2000.043633 2.152771e-02 
2000.070726 2.167398e-02 
2000.097874 2.144917e-02 
2000.125021 2.085713e-02 
2000.152169 2.044779e-02 
2000.179316 2.045655e-02 
2000.206464 2.060708e-02 
2000.233611 2.053190e-02 
2000.260711 2.009506e-02 
2000.287906 1.931449e-02 
2000.315161 1.843873e-02 
2000.342202 1.791104e-02 
2000.369349 1.794504e-02 
2000.396497 1.827256e-02 
2000.423644 1.843943e-02 
2000.450792 1.839705e-02 
2000.477939 1.883469e-02 
2000.505087 2.013040e-02 
2000.532341 2.161660e-02 
2000.559335 2.226496e-02 
2000.586530 2.156753e-02 
2000.613677 1.986818e-02 
2000.640825 1.806592e-02 
2000.667972 1.724946e-02 
2000.695120 1.802223e-02 
2000.722213 1.995395e-02 
2000.749415 2.205201e-02 
2000.776562 2.343147e-02 
2000.803710 2.388893e-02 
2000.830827 2.377461e-02 
2000.858005 2.332556e-02 
2000.884383 2.259756e-02 
2000.913155 2.185681e-02 
2000.939448 2.133813e-02 
2000.966595 2.186132e-02 
2000.993743 2.364160e-02 
2001.020835 2.587876e-02 
2001.048075 2.690241e-02 
2001.075185 2.580096e-02 
2001.102333 2.368385e-02 
2001.129480 2.247837e-02 
2001.156628 2.296120e-02 
2001.183776 2.428935e-02 
2001.210923 2.520854e-02 
2001.238071 2.524909e-02 
2001.265218 2.465235e-02 
2001.292366 2.399801e-02 
2001.319513 2.378013e-02 
2001.346715 2.396566e-02 
2001.373808 2.404923e-02 
2001.400956 2.372895e-02 
2001.428103 2.350429e-02 
2001.455251 2.415518e-02 
2001.482399 2.567244e-02 
2001.509546 2.717257e-02 
2001.536694 2.769175e-02 
2001.563841 2.691357e-02 
2001.590989 2.529148e-02 
2001.618136 2.388666e-02 
2001.645284 2.382759e-02 
2001.672431 2.546173e-02 
2001.699488 2.763946e-02 
2001.726726 2.842308e-02 
2001.753874 2.710354e-02 
2001.781022 2.509401e-02 
2001.808169 2.440444e-02 
2001.835317 2.548129e-02 
2001.862464 2.687553e-02 
2001.889556 2.702383e-02 
2001.916759 2.600018e-02 
2001.943907 2.506329e-02 
2001.971054 2.499554e-02 
2001.998202 2.541430e-02 
2002.025349 2.558343e-02 
2002.052497 2.542751e-02 
2002.079589 2.551171e-02 
2002.106846 2.626034e-02 
2002.133940 2.736799e-02 
2002.161087 2.809475e-02 
2002.188235 2.798867e-02 
2002.215382 2.713785e-02 
2002.242530 2.609371e-02 
2002.269677 2.543199e-02 
2002.296825 2.532425e-02 
2002.323972 2.557750e-02 
2002.351118 2.587459e-02 
2002.378265 2.602340e-02 
2002.405413 2.614463e-02 
2002.432560 2.646199e-02 
2002.459708 2.707195e-02 
2002.486855 2.787808e-02 
2002.514003 2.884091e-02 
2002.541151 2.998480e-02 
2002.568298 3.107423e-02 
2002.595446 3.155322e-02 
2002.622593 3.100557e-02 
2002.649741 2.969484e-02 
2002.676888 2.831034e-02 
2002.704036 2.747714e-02 
2002.731183 2.755159e-02 
2002.758331 2.836417e-02 
2002.785479 2.928132e-02 
2002.812626 2.972414e-02 
2002.839774 2.960115e-02 
2002.866921 2.931268e-02 
2002.894069 2.923797e-02 
2002.921216 2.926002e-02 
2002.948364 2.898473e-02 
2002.975511 2.848534e-02 
2003.002659 2.843761e-02 
2003.029807 2.939497e-02 
2003.056954 3.107041e-02 
2003.084102 3.242515e-02 
2003.111249 3.254135e-02 
2003.138397 3.154735e-02 
2003.165544 3.049874e-02 
2003.192692 3.027217e-02 
2003.219839 3.070203e-02 
2003.246987 3.096886e-02 
2003.274134 3.061929e-02 
2003.301282 3.012394e-02 
2003.328430 3.022850e-02 
2003.355577 3.102417e-02 
2003.382725 3.185253e-02 
2003.409872 3.189653e-02 
2003.437020 3.101656e-02 
2003.464167 2.995606e-02 
2003.491315 2.958475e-02 
2003.518463 3.003612e-02 
2003.545610 3.063523e-02 
2003.572758 3.081335e-02 
2003.599905 3.073630e-02 
2003.627053 3.092600e-02 
2003.654200 3.152098e-02 
2003.681348 3.211916e-02 
2003.708495 3.236789e-02 
2003.735643 3.245425e-02 
2003.762790 3.268898e-02 
2003.789938 3.292905e-02 
2003.817086 3.262847e-02 
2003.844233 3.170430e-02 
2003.871383 3.080854e-02 
2003.898530 3.056110e-02 
2003.925676 3.091865e-02 
2003.952823 3.148746e-02 
2003.979971 3.217417e-02 
2004.007119 3.314021e-02 
2004.034266 3.403568e-02 
2004.061414 3.405804e-02 
2004.088561 3.296002e-02 
2004.115711 3.161456e-02 
2004.142858 3.121852e-02 
2004.170004 3.205468e-02 
2004.197151 3.335130e-02 
2004.224299 3.420139e-02 
2004.251447 3.426533e-02 
2004.278594 3.377240e-02 
2004.305742 3.304029e-02 
2004.332889 3.233660e-02 
2004.360037 3.179620e-02 
2004.387184 3.144916e-02 
2004.414332 3.149851e-02 
2004.441479 3.224392e-02 
2004.468627 3.355859e-02 
2004.495774 3.468029e-02 
2004.522922 3.476800e-02 
2004.550070 3.381194e-02 
2004.577217 3.268717e-02 
2004.604365 3.236943e-02 
2004.631512 3.303393e-02 
2004.658660 3.392976e-02 
2004.685807 3.435013e-02 
2004.712955 3.430688e-02 
2004.740103 3.421452e-02 
2004.767250 3.431302e-02 
2004.794398 3.438674e-02 
2004.821545 3.402189e-02 
2004.848693 3.317181e-02 
2004.875840 3.240893e-02 
2004.902988 3.256738e-02 
2004.930135 3.370227e-02 
2004.957283 3.494662e-02 
2004.984431 3.548173e-02 
2005.011578 3.536064e-02 
2005.038726 3.531224e-02 
2005.065873 3.580189e-02 
2005.093021 3.667741e-02 
2005.120168 3.762184e-02 
2005.147316 3.825003e-02 
2005.174463 3.821210e-02 
2005.201611 3.746456e-02 
2005.228759 3.649509e-02 
2005.255906 3.609373e-02 
2005.283054 3.652941e-02 
2005.310201 3.729134e-02 
2005.337349 3.776392e-02 
2005.364496 3.792890e-02 
2005.391644 3.812625e-02 
2005.418791 3.847020e-02 
2005.445939 3.884197e-02 
2005.473087 3.906243e-02 
2005.500234 3.896473e-02 
2005.527381 3.848587e-02 
2005.554529 3.773324e-02 
2005.581677 3.699262e-02 
2005.608824 3.662633e-02 
2005.635972 3.680854e-02 
2005.663120 3.737595e-02 
2005.690267 3.796821e-02 
2005.717416 3.831233e-02 
2005.744563 3.830163e-02 
2005.771710 3.810558e-02 
2005.798857 3.808664e-02 
2005.826005 3.854023e-02 
2005.853152 3.941526e-02 
2005.880300 4.031209e-02 
2005.907447 4.088247e-02 
2005.934595 4.107410e-02 
2005.961743 4.086843e-02 
2005.988890 4.020919e-02 
2006.016038 3.924521e-02 
2006.043185 3.841089e-02 
2006.070333 3.812895e-02 
2006.097480 3.843710e-02 
2006.124628 3.887360e-02 
2006.151776 3.894026e-02 
2006.178923 3.855824e-02 
2006.206071 3.808003e-02 
2006.233218 3.787966e-02 
2006.260366 3.803676e-02 
2006.287513 3.837818e-02 
2006.314661 3.876454e-02 
2006.341808 3.928643e-02 
2006.368956 4.003587e-02 
2006.396104 4.080046e-02 
2006.423251 4.135125e-02 
2006.450399 4.172192e-02 
2006.477546 4.204898e-02 
2006.504694 4.224905e-02 
2006.531841 4.195519e-02 
2006.558989 4.100447e-02 
2006.586137 3.985294e-02 
2006.613284 3.937450e-02 
2006.640432 4.014066e-02 
2006.667579 4.179629e-02 
2006.694727 4.331902e-02 
2006.721874 4.388926e-02 
2006.749022 4.350639e-02 
2006.776169 4.281788e-02 
2006.803317 4.236395e-02 
2006.830465 4.209797e-02 
2006.884760 4.106980e-02 
2006.911907 4.053190e-02 
2006.939055 4.032870e-02 
2006.966202 4.035224e-02 
2006.993350 4.032683e-02 
2007.020497 4.010424e-02 
2007.047645 3.977267e-02 
2007.074793 3.960535e-02 
2007.101940 3.981733e-02 
2007.129088 4.036614e-02 
2007.156235 4.094740e-02 
2007.183383 4.138161e-02 
2007.210530 4.188130e-02 
2007.237678 4.269736e-02 
2007.264825 4.351396e-02 
2007.291973 4.369228e-02 
2007.319121 4.313937e-02 
2007.346268 4.252581e-02 
2007.373416 4.236792e-02 
2007.400563 4.240356e-02 
2007.427711 4.213892e-02 
2007.454858 4.157104e-02 
2007.482006 4.102567e-02 
2007.509153 4.070821e-02 
2007.536301 4.063076e-02 
2007.563449 4.078073e-02 
2007.590596 4.101937e-02 
2007.617744 4.101882e-02 
2007.644891 4.074460e-02 
2007.672039 4.063012e-02 
2007.699186 4.100488e-02 
2007.726334 4.153341e-02 
2007.753481 4.158001e-02 
2007.780629 4.115313e-02 
2007.807777 4.107267e-02 
2007.834924 4.199281e-02 
2007.862072 4.355972e-02 
2007.889219 4.461540e-02 
2007.916367 4.430817e-02 
2007.943514 4.288681e-02 
2007.970662 4.151365e-02 
2007.997809 4.119273e-02 
2008.024957 4.186922e-02 
2008.052105 4.266929e-02 
2008.079252 4.281136e-02 
2008.106400 4.230490e-02 
2008.133547 4.184262e-02 
2008.160695 4.201007e-02 
2008.187842 4.271103e-02 
2008.214990 4.333309e-02 
2008.242138 4.338718e-02 
2008.269285 4.297867e-02 
2008.296433 4.280339e-02 
2008.323580 4.358050e-02 
2008.350728 4.526822e-02 
2008.377875 4.700130e-02 
2008.405023 4.783162e-02 
2008.432170 4.755991e-02 
2008.459318 4.690456e-02 
2008.486466 4.668414e-02 
2008.513613 4.691593e-02 
2008.540761 4.688998e-02 
2008.567908 4.612839e-02 
2008.595055 4.496867e-02 
2008.649351 4.361387e-02 
2008.676498 4.350882e-02 
2008.703646 4.363082e-02 
2008.730793 4.412796e-02 
2008.757941 4.497559e-02 
2008.785089 4.570918e-02 
2008.812236 4.592311e-02 
2008.839385 4.594737e-02 
2008.866533 4.643470e-02 
2008.893681 4.733415e-02 
2008.920828 4.786433e-02 
2008.947976 4.754441e-02 
2008.975123 4.678910e-02 
2009.002271 4.633161e-02 
2009.029418 4.628372e-02 
2009.056566 4.618497e-02 
2009.083713 4.578409e-02 
2009.110861 4.548656e-02 
2009.138009 4.581584e-02 
2009.165156 4.676816e-02 
2009.192304 4.785929e-02 
2009.219451 4.856666e-02 
2009.246599 4.869965e-02 
2009.273746 4.846315e-02 
2009.300894 4.817881e-02 
2009.328041 4.801895e-02 
2009.355189 4.800436e-02 
2009.382336 4.815153e-02 
2009.409484 4.845095e-02 
2009.436632 4.869197e-02 
2009.463779 4.865119e-02 
2009.490927 4.847495e-02 
2009.518074 4.851810e-02 
2009.545222 4.890257e-02 
2009.572369 4.934694e-02 
2009.599517 4.954515e-02 
2009.626664 4.965757e-02 
2009.653812 5.012492e-02 
2009.680960 5.108947e-02 
2009.708107 5.219852e-02 
2009.735255 5.303161e-02 
2009.762402 5.344411e-02 
2009.789550 5.339055e-02 
2009.816697 5.298472e-02 
2009.843845 5.247924e-02 
2009.870992 5.207812e-02 
2009.898140 5.192270e-02 
2009.925287 5.200573e-02 
2009.952435 5.219211e-02 
2009.979583 5.222408e-02 
2010.006730 5.174303e-02 
2010.033878 5.065924e-02 
2010.061025 4.955102e-02 
2010.088173 4.944181e-02 
2010.115320 5.058449e-02 
2010.142468 5.197553e-02 
2010.169615 5.240905e-02 
2010.196763 5.173747e-02 
2010.223911 5.088732e-02 
2010.251058 5.065763e-02 
2010.278206 5.091663e-02 
2010.305353 5.121877e-02 
2010.332501 5.150551e-02 
2010.359648 5.201842e-02 
2010.386796 5.277899e-02 
2010.413943 5.357789e-02 
2010.441091 5.421186e-02 
2010.468238 5.456905e-02 
2010.495386 5.454669e-02 
2010.522534 5.408386e-02 
2010.549681 5.331004e-02 
2010.576829 5.238544e-02 
2010.603976 5.134879e-02 
2010.631124 5.029160e-02 
2010.658271 4.949737e-02 
2010.685419 4.920183e-02 
2010.712566 4.939080e-02 
2010.739714 4.983857e-02 
2010.766862 5.031072e-02 
2010.794009 5.068400e-02 
2010.821157 5.082779e-02 
2010.848304 5.053059e-02 
2010.875452 4.981845e-02 
2010.902599 4.914066e-02 
2010.929747 4.892844e-02 
2010.956894 4.919552e-02 
2010.984042 4.961343e-02 
2011.011189 4.976915e-02 
2011.038337 4.943443e-02 
2011.065485 4.874302e-02 
2011.092632 4.806959e-02 
2011.119780 4.776274e-02 
2011.146927 4.776905e-02 
2011.174075 4.771029e-02 
2011.201222 4.735783e-02 
2011.228370 4.693745e-02 
2011.255517 4.679015e-02 
2011.282665 4.690789e-02 
2011.309813 4.704067e-02 
2011.336960 4.716175e-02 
2011.364108 4.756986e-02 
2011.391255 4.856815e-02 
2011.418403 4.999132e-02 
2011.445550 5.122958e-02 
2011.472698 5.166982e-02 
2011.499845 5.123710e-02 
2011.526993 5.057453e-02 
2011.554140 5.055291e-02 
2011.581288 5.143544e-02 
2011.608436 5.257669e-02 
2011.635583 5.306060e-02 
2011.662731 5.259764e-02 
2011.689878 5.178991e-02 
2011.717026 5.157269e-02 
2011.744173 5.222517e-02 
2011.771321 5.304169e-02 
2011.798468 5.313992e-02 
2011.825616 5.248214e-02 
2011.852763 5.191108e-02 
2011.879911 5.218697e-02 
2011.907059 5.323778e-02 
2011.934206 5.448423e-02 
2011.961354 5.555000e-02 
2011.988501 5.646278e-02 
2012.015649 5.725140e-02 
2012.042796 5.782277e-02 
2012.069944 5.811756e-02 
2012.097091 5.816153e-02 
2012.124239 5.802815e-02 
2012.151387 5.785490e-02 
2012.178534 5.777417e-02 
2012.205682 5.784891e-02 
2012.232829 5.796566e-02 
2012.259977 5.794003e-02 
2012.287124 5.779228e-02 
2012.314272 5.776306e-02 
2012.341419 5.808233e-02 
2012.368567 5.882098e-02 
2012.395714 5.980373e-02 
2012.422862 6.068244e-02 
2012.450010 6.125379e-02 
2012.477157 6.172596e-02 
2012.504305 6.244676e-02 
2012.531452 6.330180e-02 
2012.558600 6.365214e-02 
2012.585747 6.302472e-02 
2012.612895 6.172496e-02 
2012.640042 6.069758e-02 
2012.667190 6.063043e-02 
2012.694338 6.147914e-02 
2012.721485 6.268784e-02 
2012.748633 6.363131e-02 
2012.775780 6.398582e-02 
2012.802928 6.382369e-02 
2012.830075 6.342189e-02 
2012.857223 6.314282e-02 
2012.884370 6.322819e-02 
2012.911518 6.373415e-02 
2012.938665 6.443411e-02 
2012.965813 6.493780e-02 
2012.992961 6.508414e-02 
2013.020108 6.506610e-02 
2013.047256 6.510335e-02 
2013.074403 6.517265e-02 
2013.101551 6.507806e-02 
2013.128698 6.488638e-02 
2013.155846 6.509320e-02 
2013.182993 6.598150e-02 
2013.210141 6.703433e-02 
2013.233918 6.728844e-02 
2013.268842 6.659520e-02 
2013.291584 6.528801e-02 
2013.318731 6.439716e-02 
2013.345879 6.408829e-02 
2013.373026 6.391209e-02 
2013.400174 6.347780e-02 
2013.427321 6.296081e-02 
2013.454469 6.266199e-02 
2013.481617 6.267147e-02 
2013.508764 6.292920e-02 
2013.535912 6.314092e-02 
2013.563059 6.291303e-02 
2013.590207 6.214116e-02 
2013.617354 6.117178e-02 
2013.644502 6.053235e-02 
2013.667946 6.068160e-02 
2013.704944 6.054672e-02 
2013.725944 6.144566e-02 
2013.753092 6.234301e-02 
2013.780240 6.351952e-02 
2013.807387 6.454312e-02 
2013.834535 6.488320e-02 
2013.861682 6.437060e-02 
2013.888830 6.335797e-02 
2013.915977 6.246956e-02 
2013.943125 6.214538e-02 
2013.970272 6.236960e-02 
2013.997420 6.280538e-02 
2014.024568 6.319176e-02 
2014.051715 6.358703e-02 
2014.078863 6.422450e-02 
2014.106010 6.514282e-02 
2014.133158 6.599462e-02 
2014.160305 6.639221e-02 
2014.187453 6.629013e-02 
2014.214600 6.593084e-02 
2014.241748 6.552112e-02 
2014.268896 6.504222e-02 
2014.296043 6.443456e-02 
2014.323191 6.382255e-02 
2014.350338 6.342592e-02 
2014.377486 6.340454e-02 
2014.404633 6.383136e-02 
2014.431781 6.474688e-02 
2014.458928 6.603122e-02 
2014.486076 6.720476e-02 
2014.513223 6.771646e-02 
2014.540371 6.753001e-02 
2014.567519 6.718933e-02 
2014.594666 6.724993e-02 
2014.621814 6.768820e-02 
2014.648961 6.793853e-02 
2014.676109 6.764883e-02 
2014.703256 6.723191e-02 
2014.730404 6.739979e-02 
2014.757551 6.822383e-02 
2014.784699 6.895951e-02 
2014.811847 6.871573e-02 
2014.838994 6.744897e-02 
2014.866142 6.632535e-02 
2014.893289 6.657744e-02 
2014.920437 6.806091e-02 
2014.947584 6.948612e-02 
2014.974732 6.994144e-02 
2015.001879 6.979391e-02 
2015.029027 7.002324e-02 
2015.056175 7.106755e-02 
2015.083322 7.245785e-02 
2015.110470 7.350018e-02 
2015.137617 7.394289e-02 
2015.164765 7.388029e-02 
2015.191912 7.351682e-02 
2015.219060 7.322391e-02 
2015.246207 7.334435e-02 
2015.273355 7.378753e-02 
2015.300503 7.400692e-02 
2015.327650 7.365179e-02 
2015.354798 7.301607e-02 
2015.381945 7.275555e-02 
2015.409093 7.326318e-02 
2015.436240 7.438239e-02 
2015.463388 7.558984e-02 
2015.490535 7.642309e-02 
2015.517683 7.674138e-02 
2015.544831 7.665797e-02 
2015.571978 7.652932e-02 
2015.599126 7.681495e-02 
2015.626273 7.763606e-02 
2015.653421 7.861339e-02 
2015.680568 7.925503e-02 
2015.707716 7.946454e-02 
2015.734863 7.962572e-02 
2015.762011 8.000185e-02 
2015.789159 8.029394e-02 
2015.816306 8.004053e-02 
2015.843454 7.933286e-02 
2015.870601 7.872850e-02 
2015.897749 7.849134e-02 
2015.924896 7.825022e-02 
2015.952044 7.769416e-02 
2015.979191 7.722296e-02 
2016.006339 7.750892e-02 
2016.033487 7.863953e-02 
2016.060634 8.000153e-02 
2016.087782 8.098158e-02 
2016.114929 8.138322e-02 
2016.142077 8.136594e-02 
2016.169224 8.115680e-02 
2016.196372 8.086951e-02 
2016.223519 8.055174e-02 
2016.250667 8.021895e-02 
2016.277814 7.975214e-02 
2016.304962 7.909279e-02 
2016.332110 7.837435e-02 
2016.359257 7.790394e-02 
2016.386405 7.808725e-02 
2016.413552 7.909107e-02 
2016.440700 8.049937e-02 
2016.467850 8.150960e-02 
2016.494998 8.152433e-02 
2016.522145 8.051137e-02 
2016.549293 7.893243e-02 
2016.576440 7.750918e-02 
2016.603588 7.690689e-02 
2016.630735 7.731369e-02 
2016.657883 7.822563e-02 
2016.685030 7.877792e-02 
2016.712178 7.858002e-02 
2016.739326 7.808090e-02 
2016.766473 7.796811e-02 
2016.793621 7.850062e-02 
2016.820768 7.953428e-02 
2016.847916 8.081326e-02 
2016.875063 8.199464e-02 
2016.902211 8.256327e-02 
2016.929358 8.214196e-02 
2016.956506 8.097935e-02 
2016.983653 7.984064e-02 
2017.010801 7.922512e-02 
2017.037949 7.896341e-02 
2017.065096 7.865720e-02 
2017.092244 7.826471e-02 
2017.119391 7.801463e-02 
2017.146539 7.809901e-02 
2017.173686 7.859244e-02 
2017.200834 7.941666e-02 
2017.227981 8.031899e-02 
2017.255129 8.092017e-02 
2017.282277 8.090662e-02 
2017.309424 8.023560e-02 
2017.336572 7.925954e-02 
2017.363719 7.853078e-02 
2017.390867 7.843154e-02 
2017.418014 7.892512e-02 
2017.445162 7.959965e-02 
2017.472309 8.004468e-02 
2017.499457 8.034852e-02 
2017.526605 8.092701e-02 
2017.553752 8.185236e-02 
2017.580900 8.261887e-02 
2017.608047 8.282268e-02 
2017.635195 8.267197e-02 
2017.662342 8.262948e-02 
2017.689490 8.279455e-02 
2017.716637 8.283551e-02 
2017.743785 8.257605e-02 
2017.770933 8.238488e-02 
2017.798080 8.274258e-02 
2017.825228 8.369597e-02 
2017.852375 8.487424e-02 
2017.879523 8.584126e-02 
2017.906670 8.624752e-02 
2017.933818 8.590160e-02 
2017.960965 8.497189e-02 
2017.988113 8.407872e-02 
2018.015261 8.388882e-02 
2018.042408 8.439254e-02 
2018.069556 8.480071e-02 
2018.096703 8.445160e-02 
2018.123851 8.359182e-02 
2018.150998 8.303063e-02 
2018.178146 8.308651e-02 
2018.205293 8.329304e-02 
2018.232441 8.312227e-02 
2018.259588 8.267225e-02 
2018.286736 8.245646e-02 
2018.313884 8.268128e-02 
2018.341031 8.311270e-02 
2018.368179 8.348690e-02 
2018.395326 8.369190e-02 
2018.422474 8.370879e-02 
2018.449621 8.367448e-02 
2018.476769 8.390700e-02 
2018.503916 8.459619e-02 
2018.531064 8.546374e-02 
2018.558212 8.590932e-02 
2018.585359 8.564890e-02 
2018.612507 8.513589e-02 
2018.639654 8.512853e-02 
2018.666802 8.592767e-02 
2018.693949 8.704689e-02 
2018.721097 8.778263e-02 
2018.748244 8.797164e-02 
2018.775392 8.800484e-02 
2018.802539 8.822032e-02 
2018.829687 8.843268e-02 
2018.856835 8.819124e-02 
2018.883982 8.742137e-02 
2018.911130 8.651433e-02 
2018.938277 8.597315e-02 
2018.965425 8.609171e-02 
2018.992572 8.682471e-02 
2019.019720 8.788882e-02 
2019.046867 8.880398e-02 
2019.074015 8.917284e-02 
2019.101163 8.905429e-02 
2019.128310 8.897875e-02 
2019.144502 8.921096e-02 
2019.185857 9.018843e-02 
2019.209753 9.051380e-02 
2019.236900 9.020588e-02 
2019.264048 8.975308e-02 
2019.291195 8.994732e-02 
2019.318343 9.080321e-02 
2019.345490 9.143549e-02 
2019.372638 9.120533e-02 
2019.399786 9.056217e-02 
2019.426933 9.051858e-02 
2019.454081 9.144372e-02 
2019.481228 9.264679e-02 
2019.508376 9.319320e-02 
2019.535523 9.296885e-02 
2019.562671 9.270690e-02 
2019.589818 9.311751e-02 
2019.616966 9.416793e-02 
2019.644114 9.517390e-02 
2019.671261 9.540036e-02 
2019.698409 9.472033e-02 
2019.725556 9.359430e-02 
2019.752704 9.259441e-02 
2019.779851 9.213042e-02 
2019.806999 9.229276e-02 
2019.834146 9.280790e-02 
2019.861294 9.324190e-02 
2019.888441 9.337488e-02 
2019.915589 9.333379e-02 
2019.942736 9.321528e-02 
2019.969884 9.278099e-02 
2019.997032 9.179714e-02 
2020.024179 9.069538e-02 
2020.051327 9.039515e-02 
2020.073072 9.107452e-02 
2020.107375 9.259064e-02 
2020.132769 9.325173e-02 
2020.159917 9.301195e-02 
2020.187064 9.244948e-02 
2020.214212 9.227526e-02 
2020.241360 9.253106e-02 
2020.268507 9.286959e-02 
2020.295655 9.315617e-02 
2020.322802 9.353091e-02 
2020.349950 9.408190e-02 
2020.377097 9.463784e-02 
2020.404245 9.493581e-02 
2020.431392 9.499004e-02 
2020.458540 9.511733e-02 
2020.485688 9.551238e-02 
2020.512835 9.600466e-02 
2020.539983 9.623798e-02 
2020.567130 9.605924e-02 
2020.594278 9.569140e-02 
2020.621425 9.546873e-02 
2020.648573 9.540976e-02 
2020.675720 9.531805e-02 
2020.702868 9.517569e-02 
2020.730015 9.529336e-02 
2020.757163 9.601230e-02 
2020.784311 9.712555e-02 
2020.809699 9.783705e-02 
2020.839482 9.758346e-02 
2020.865753 9.660419e-02 
2020.892901 9.571223e-02 
2020.920048 9.548924e-02 
2020.947196 9.592925e-02 
2020.974343 9.669014e-02 
2021.001491 9.755757e-02 
2021.028639 9.842509e-02 
2021.055786 9.896052e-02 
2021.082934 9.865360e-02 
2021.110081 9.743542e-02 
2021.137229 9.592802e-02 
2021.164376 9.507997e-02 
2021.191524 9.552564e-02 
2021.218671 9.708444e-02 
2021.245819 9.879699e-02 
2021.272966 9.969400e-02 
2021.300114 9.956673e-02 
2021.327262 9.896350e-02 
2021.354409 9.847648e-02 
2021.381557 9.829993e-02 
2021.408704 9.837508e-02 
2021.435852 9.867944e-02 
2021.462999 9.917074e-02 
2021.490147 9.970399e-02 
2021.517294 1.002320e-01 
2021.544442 1.009261e-01 
2021.571589 1.017005e-01 
2021.598737 1.020140e-01 
2021.625885 1.014956e-01 
2021.653032 1.005855e-01 
2021.680180 1.001290e-01 
2021.707327 1.005165e-01 
2021.734475 1.014715e-01 
2021.761622 1.023872e-01 
2021.788770 1.026892e-01 
2021.815917 1.022512e-01 
2021.843065 1.015892e-01 
2021.870213 1.013856e-01 
2021.897360 1.016702e-01 
2021.924508 1.017176e-01 
2021.951655 1.010889e-01 
2021.978803 1.004266e-01 
2022.005950 1.007325e-01 
2022.033099 1.020575e-01 
2022.060246 1.032644e-01 
2022.087394 1.032195e-01 
2022.114541 1.019567e-01 
2022.141689 1.005689e-01 
2022.168837 1.002435e-01 
2022.195984 1.011937e-01 
2022.223132 1.024453e-01 
2022.250279 1.028496e-01 
2022.277427 1.021086e-01 
2022.304574 1.009174e-01 
2022.331722 1.001579e-01 
2022.358869 1.001135e-01 
2022.386017 1.004275e-01 
2022.413164 1.006882e-01 
2022.440312 1.009931e-01 
2022.467460 1.018549e-01 
2022.494607 1.033782e-01 
2022.521755 1.047528e-01 
2022.548902 1.048222e-01 
2022.576050 1.033656e-01 
2022.603197 1.015687e-01 
2022.630345 1.009603e-01 
2022.657492 1.019674e-01 
2022.684640 1.036829e-01 
2022.711788 1.047974e-01 
2022.738935 1.047036e-01 
2022.766083 1.038478e-01 
2022.793230 1.031007e-01 
2022.820378 1.029113e-01 
2022.847525 1.029481e-01 
2022.874673 1.028014e-01 
2022.901820 1.026874e-01 
2022.928968 1.032247e-01 
2022.956116 1.046495e-01 
2022.983263 1.063940e-01 
2023.010411 1.075142e-01 
2023.037558 1.074475e-01 
2023.064706 1.063167e-01 
2023.091853 1.049224e-01 
2023.119001 1.043099e-01 
2023.146148 1.049335e-01 
2023.173296 1.060132e-01 
2023.200444 1.060871e-01 
2023.227591 1.045762e-01 
2023.254739 1.025019e-01 
2023.281886 1.015842e-01 
2023.309034 1.026138e-01 
2023.336181 1.047950e-01 
2023.363329 1.066112e-01 
2023.390476 1.072016e-01 
2023.417624 1.069769e-01 
2023.444771 1.070520e-01 
2023.471919 1.080380e-01 
2023.499067 1.095273e-01 
2023.526214 1.106069e-01 
2023.553362 1.108065e-01 
2023.580509 1.105053e-01 
2023.607657 1.103559e-01 
2023.634804 1.106028e-01 
2023.661952 1.109685e-01 
2023.689099 1.112536e-01 
2023.716247 1.116834e-01 
2023.743395 1.124394e-01 
2023.770542 1.133348e-01 
2023.797690 1.138783e-01 
2023.824837 1.135271e-01 
2023.851985 1.122327e-01 
2023.879132 1.105980e-01 
2023.906280 1.095920e-01 
2023.933427 1.099152e-01 
2023.960575 1.114204e-01 
2023.987722 1.131502e-01 
2024.014870 1.139538e-01 
2024.042018 1.135464e-01 
2024.069165 1.127437e-01 
2024.096313 1.125626e-01 
2024.123460 1.133406e-01 
2024.150608 1.144648e-01 
2024.177755 1.149027e-01 
2024.204903 1.141362e-01 
2024.232050 1.125732e-01 
2024.259198 1.111933e-01 
2024.286346 1.107378e-01 
2024.313493 1.111911e-01 
2024.340641 1.119653e-01 
2024.367788 1.124960e-01 
2024.394936 1.126533e-01 
2024.422083 1.126454e-01 
2024.449231 1.126160e-01 
2024.476379 1.124200e-01 
2024.503526 1.117104e-01 
2024.530674 1.103706e-01 
2024.557821 1.089106e-01 
2024.584969 1.081756e-01 
2024.612116 1.085155e-01 
2024.639264 1.092422e-01 
2024.666411 1.092840e-01 
2024.693559 1.085835e-01 
2024.720706 1.082238e-01 
2024.747854 1.089937e-01 
2024.775002 1.104576e-01 
2024.802149 1.115927e-01 
2024.829297 1.119280e-01 
2024.856444 1.118162e-01 
2024.883592 1.119563e-01 
2024.910739 1.127397e-01 
2024.937887 1.139590e-01 
2024.965034 1.149374e-01 
2024.992182 1.149033e-01 
2025.019330 1.136879e-01 
2025.046477 1.122223e-01 
2025.073625 1.117040e-01 
2025.100772 1.123387e-01 
2025.127920 1.132649e-01 
2025.155067 1.135855e-01 
2025.182215 1.132080e-01 
2025.209362 1.126478e-01 
2025.236510 1.123257e-01 
2025.263658 1.122014e-01 
2025.290805 1.120277e-01 
2025.317953 1.118443e-01 
2025.345100 1.118550e-01 
2025.372248 1.120852e-01 
2025.399395 1.123041e-01 
2025.426543 1.121642e-01 
2025.453690 1.115559e-01 
2025.480838 1.107542e-01 
2025.507665 1.103068e-01 
2025.535400 1.105980e-01 
2025.562281 1.115028e-01 
2025.589428 1.122501e-01 
2025.616576 1.122020e-01 
2025.643723 1.114770e-01 
2025.670871 1.108839e-01 
2025.698018 1.109895e-01 
2025.725166 1.116310e-01 
2025.752313 1.123863e-01 
2025.779461 1.131045e-01 
2025.806609 1.138406e-01 
2025.833756 1.145153e-01 
2025.860904 1.149301e-01 
2025.888051 1.149056e-01 
2025.915199 1.144531e-01 
2025.942346 1.139208e-01 
2025.969494 1.135855e-01 
2025.996641 1.134199e-01 
