1900  -129.29  21.72
1901  -129.80  21.01
1902  -126.85  20.81
1903  -115.17  20.00
1904  -129.44  20.15
1905  -137.35  18.81
1906  -132.60  18.07
1907  -128.79  18.32
1908  -131.32  18.09
1909  -127.03  18.06
1910  -125.15  18.00
1911  -112.16  17.18
1912  -114.40  17.16
1913  -118.16  17.31
1914  -116.36  16.95
1915  -105.86  16.07
1916  -105.13  15.91
1917  -109.30  15.78
1918  -113.83  15.67
1919  -112.27  15.34
1920  -105.18  15.37
1921  -106.70  15.34
1922  -105.78  15.44
1923  -105.21  15.50
1924  -112.94  15.68
1925  -111.62  16.00
1926  -107.07  16.20
1927  -107.62  15.09
1928  -113.05  15.00
1929  -109.11  14.52
1930  -102.94  14.32
1931  -105.39  14.60
1932  -102.32  14.07
1933  -101.14  13.97
1934  -102.65  14.37
1935  -96.74  14.17
1936  -104.21  14.10
1937  -96.79  14.02
1938  -89.80  13.84
1939  -84.81  14.07
1940  -94.29  13.32
1941  -78.45  12.90
1942  -81.47  12.82
1943  -79.74  12.61
1944  -88.05  12.49
1945  -83.09  12.43
1946  -76.29  12.25
1947  -72.71  11.28
1948  -68.15  11.03
1949  -64.13  10.02
1950  -61.54   9.49
1951  -52.89   9.35
1952  -57.61   9.28
1953  -54.64   8.98
1954  -56.76   8.90
1955  -56.78   8.67
1956  -62.08   8.58
1957  -50.56   8.38
1958  -51.37   8.07
1959  -52.51   8.00
1960  -47.80   7.96
1961  -41.74   7.91
1962  -46.95   7.89
1963  -45.86   7.95
1964  -55.30   8.01
1965  -44.87   7.89
1966  -51.92   7.77
1967  -50.25   7.74
1968  -48.45   7.90
1969  -43.55   8.15
1970  -44.05   8.10
1971  -38.47   8.11
1972  -31.16   8.09
1973  -39.28   7.97
1974  -26.67   7.90
1975  -29.90   7.79
1976  -30.59   7.86
1977  -31.89   7.76
1978  -26.73   7.79
1979  -31.66   7.77
1980  -22.67   7.52
1981  -11.31   7.42
1982  -18.41   7.29
1983  -15.16   7.49
1984  -13.88   7.30
1985  -19.85   7.23
1986  -19.15   7.23
1987  -20.83   7.19
1988  -15.05   7.31
1989  -11.41   7.22
1990  -7.70   7.21
1991  -5.37   7.21
1992  -6.79   7.33
1993  -9.88   7.34
1994  -5.04   7.28
1995  -0.72   7.33
1996   4.50   7.34
1997  10.42   7.38
1998  -0.35   7.54
1999   9.01   7.55
2000  11.68   7.57
2001  16.99   7.46
2002  18.90   7.49
2003  26.59   7.58
2004  24.02   7.56
2005  24.66   7.57
2006  28.44   7.55
2007  31.26   7.80
2008  40.52   7.66
2009  46.84   7.80
2010  53.45   8.04
2011  54.80   8.09
2012  62.10   8.12
2013  61.58   8.06
2014  74.21   8.27
2015  69.97   8.21
2016  71.64   8.28
2017  76.58   8.57
2018  76.63   8.69
2019  81.50   9.65
